%ID,#ET,#equ_x,#equ_y,#equ_z,#moon_x,#moon_y,#moon_z,#sun_x,#sun_y,#sun_z,#dcm_xx,#dcm_xy,#dcm_xz,#dcm_yx,#dcm_yy,#dcm_yz,#dcm_zx,#dcm_zy,#dcm_zz,#dlp_xx,#dlp_xy,#dlp_xz,#dlp_yx,#dlp_yy,#dlp_yz,#dlp_zx,#dlp_zy,#dlp_zz,sun_dlp_x,sun_dlp_y,sun_dlp_zd, cele_equ_x, cele_equ_y, cele_equ_z
1,752480976.1829,-290355.383748757,210180.122046535,163625.529359525,-295297.572296817,237062.503343772,140004.079961101,-108925707.747089,-92375487.050768,-40042370.0172565,-0.582527833022171,-0.592947729658255,-0.5559445238939,-0.13565568403582,0.745308404256992,-0.652773251545029,0.801410543444038,-0.304841553002567,-0.514599619529315,0.582527833022171,0.592947729658255,0.5559445238939,-0.13565568403582,0.745308404256992,-0.652773251545029,-0.801410543444038,0.304841553002567,0.514599619529315,-140487428.151973,-27933247.3770196,38528535.332764,-71.3308667747533,36125.5510054078,3.63797880709171e-12
2,733120974.1829,-654559.811780212,-10562.8845999713,-26593.4805219402,145190.75463589,324824.78835238,162698.222358902,148550449.029961,12989100.8017528,5630035.0903873,0.382221967648629,-0.919057914473099,-0.0961192867803772,0.910163236706948,0.356449025872022,0.211061541977733,-0.159716154455153,-0.168156599035674,0.972735374193215,-0.382221967648629,0.919057914473099,0.096119286780377,0.910163236706948,0.356449025872022,0.211061541977733,0.159716154455153,0.168156599035674,-0.972735374193215,-44300354.0721428,141023393.718684,20433575.1866371,20753.0435942557,887404.372094466,-2.91038304567337e-11
3,728878938.1829,-535684.384711839,-45650.6868660964,97583.14834544,-282546.717828505,251594.724242806,147255.226720028,106435745.698305,-93677016.9884401,-40608341.0811357,-0.768485727681519,0.540640825055105,0.342253100254098,0.610874352627516,0.77907613492091,0.14097127827543,-0.19042639431476,0.31740805642017,-0.928972504473545,0.768485727681519,-0.540640825055105,-0.342253100254097,0.610874352627516,0.77907613492091,0.14097127827543,0.19042639431476,-0.31740805642017,0.928972504473545,146338301.868813,-13687270.8272476,12277982.8564125,16829.2570129119,393214.45077576,1.45519152283669e-11
4,747658415.1829,-720306.375165415,-206619.016835117,43043.4893713389,-218435.196390845,296807.113798678,168076.141706598,-147154161.899715,29564427.5226609,12817388.9371379,-0.20272464816625,0.376873896454929,-0.903807934904728,0.688724825018879,0.710983543311167,0.141987733778,0.696104038509032,-0.593690548443865,-0.403696297059855,0.20272464816625,-0.376873896454929,0.903807934904728,0.688724825018879,0.710983543311167,0.141987733778,-0.696104038509032,0.593690548443865,0.403696297059855,-29389378.8680985,-78508990.9610182,125161060.02406,25018.9940154615,721331.936890317,3.63797880709171e-11
5,731919175.1829,-74571.9893033022,-87524.8290015233,-68082.2445549347,-231580.973237918,-275446.550032,-131309.075225964,147051798.833683,-19899687.4970097,-8627361.46555621,-0.76556075083962,0.523588537211641,0.373860643120469,-0.626368180619457,-0.739261859373835,-0.247294976864902,0.146900098983455,-0.423493739004149,0.893909063575785,0.76556075083962,-0.523588537211641,-0.373860643120469,-0.626368180619457,-0.739261859373835,-0.247294976864902,-0.146900098983455,0.423493739004149,-0.893909063575785,126221764.700905,-75263984.5582449,-22317240.2586807,1831.76697223061,252904.470141789,-7.27595761418343e-12
6,755305667.1829,-288569.121810497,119596.921703027,38626.804278272,-369315.490685471,-131553.262557188,-55529.8963706519,-36263441.7496508,-131057148.207534,-56811312.5717828,0.232835751529611,-0.423426525430092,0.875498423968793,-0.292561540710569,-0.889036163992363,-0.352168204145125,0.927467119474701,-0.174139819329022,-0.330877720037715,-0.232835751529611,0.423426525430092,-0.875498423968793,-0.292561540710569,-0.889036163992363,-0.352168204145125,-0.927467119474701,0.174139819329022,0.330877720037715,2688567.43473172,147130970.619483,-7986715.82495103,-5108.96537790413,280063.874661285,3.63797880709171e-12
7,759529439.1829,-277445.250634525,188588.861337641,59059.7289073437,-269623.8057762,259621.275974416,147552.230590298,85587997.4158541,-109971723.743995,-47671443.7337396,0.124122014833428,-0.787228827528263,0.604040146465586,0.0704009756394207,0.61420019833642,0.78600370164047,-0.989766350237625,-0.0550353474775918,0.131657443638074,-0.124122014833428,0.787228827528263,-0.604040146465586,0.0704009756394207,0.61420019833642,0.78600370164047,0.989766350237625,0.0550353474775917,-0.131657443638074,-68400799.9739069,-98989107.2511238,84936088.2139972,1494.92731860844,113734.194397385,-1.81898940354586e-12
8,739668800.1829,-899179.525424339,-411374.157244602,-8051.57667376737,356889.895066763,-79900.518401321,-61646.2094499534,28888921.4534885,136797416.515523,59299923.2537768,0.155681185887275,-0.594186620192347,0.789116993065748,0.971858629301557,0.235105469980919,-0.0147045107756096,-0.176788497965311,0.769199374914883,0.614066892624674,-0.155681185887275,0.594186620192347,-0.789116993065748,0.971858629301557,0.235105469980919,-0.0147045107756096,0.176788497965311,-0.769199374914883,-0.614066892624674,29991155.8924702,59365792.1473673,-136531377.84744,43703.2596691578,1299441.25380779,3.85625753551722e-10
9,723429142.1829,-563203.664674631,114638.401314728,276769.648506299,336243.178000889,182376.042564131,70493.5200168477,-45526423.6942169,-128673741.975534,-55778832.7399655,0.235772987616891,0.0690829190541962,0.969349600817557,0.967961653325619,0.0719659314499484,-0.240564216793929,-0.086379025239582,0.995011786365113,-0.0499019938796728,-0.235772987616891,-0.0690829190541963,-0.969349600817557,0.967961653325619,0.0719659314499484,-0.240564216793929,0.0863790252395821,-0.995011786365113,0.0499019938796729,73692247.8817491,-39909566.8317071,121315886.790004,-16791.1004781007,925127.510654788,-1.32786226458848e-10
10,741466456.1829,-581274.203463255,-961127.447776398,-227776.120832591,-133038.840168483,-309071.998984058,-155697.353869086,-23520203.7434603,137860150.247403,59760970.2630666,-0.535630321037847,0.259055860795716,0.803735167932998,0.55530087286405,0.825105619986879,0.104123275315807,-0.636192659326809,0.502086423689646,-0.585805533744112,0.535630321037847,-0.259055860795716,-0.803735167932998,0.55530087286405,0.825105619986879,0.104123275315807,0.636192659326809,-0.502086423689646,0.585805533744113,-96343607.6439776,106910903.032525,-49172783.6924744,13237.4260988422,794425.181124712,-1.09139364212751e-10
11,731022206.1829,-662685.889530442,-20421.4760878332,95097.5298342512,-105017.191284631,344097.675402165,185919.816540394,140354473.847993,-43782912.1920437,-18979896.8750115,0.511405233290954,-0.827241257300998,0.232672709146751,0.825758951064311,0.548015413701711,0.133421366664078,-0.237879890070164,0.123899187101472,0.963359823397157,-0.511405233290954,0.827241257300998,-0.232672709146751,0.825758951064311,0.548015413701711,0.133421366664078,0.237879890070164,-0.123899187101472,-0.963359823397157,-103580939.746472,89372928.5837061,57096644.140953,-4781.27703540318,672379.666526739,5.82076609134674e-11
12,734146579.1829,-98314.1520974814,104378.760041617,70823.9472562016,-321975.791740164,-195752.928798002,-84750.2964425219,143061105.793148,40528766.5283872,17567999.0729202,-0.785651420200236,0.333656307681856,0.520984946309836,-0.562435313555259,-0.735992293489604,-0.376804806219227,0.25771760514825,-0.589057562779753,0.765893480667271,0.785651420200236,-0.333656307681856,-0.520984946309836,-0.562435313555259,-0.735992293489604,-0.376804806219227,-0.25771760514825,0.589057562779753,-0.765893480667271,89720819.2932651,-116911184.210195,-26450805.0995075,5472.58528753214,405310.937190295,0
13,753103058.1829,-100293.799368455,-169731.214013651,-164576.783755554,-274886.293568888,-246327.895165541,-120262.365845809,-95221331.3203933,-104042888.055589,-45100752.8080847,0.140299955725909,0.169880993546614,0.975426250648876,-0.89645136991976,-0.396454191383547,0.197987412487269,0.420346123798346,-0.902199823856131,0.0966675438897292,-0.14029995572591,-0.169880993546614,-0.975426250648876,-0.89645136991976,-0.396454191383547,0.197987412487269,-0.420346123798346,0.902199823856131,-0.0966675438897291,75026915.9757878,117680150.611337,-49481778.7522549,-5717.80700853629,195654.452830252,1.54614099301398e-11
14,726489450.1829,48738.5285546808,-3817.73922929669,-19871.3681253253,-257716.558342437,272254.426207108,156781.198856206,45612121.1868427,-128319785.164267,-55625330.39485,-0.0614479837300935,0.435145344189986,-0.898260916841696,-0.68633908696917,0.634998551104476,0.354563813429319,0.724681173340271,0.638298808964105,0.259637877593339,0.0614479837300934,-0.435145344189986,0.898260916841696,-0.68633908696917,0.634998551104476,0.354563813429319,-0.724681173340271,-0.638298808964105,-0.25963787759334,8674469.682174,-132510988.535516,63294563.260809,19717.5321355124,448272.137391468,-7.27595761418343e-12
15,758917903.1829,222578.924033645,29314.6092888136,79644.4519114807,280462.644615004,228703.116430258,113393.033290794,69848029.1551867,-118868866.138641,-51528391.9699232,0.894490388771372,-0.188723197945364,-0.405302971803706,0.273191037828409,0.948332084478383,0.161347185903945,0.353911855192614,-0.255048646548379,0.899831421238424,-0.894490388771372,0.188723197945364,0.405302971803706,0.273191037828409,0.948332084478383,0.161347185903945,-0.353911855192614,0.255048646548379,-0.899831421238424,-105796313.705437,-101959265.068168,-8670522.82483418,-468.794697872416,210345.070931272,0
16,738353472.1829,-223157.292677089,162869.45148002,90897.9324387191,-305598.96730879,226934.65749067,136819.09492422,65354252.2872,125434954.358524,54374984.1061645,0.035073118001932,-0.538048571327778,0.842183834614367,-0.72324221032543,0.567907195662765,0.39294035465709,-0.689703256188637,-0.622884541473451,-0.369221161901916,-0.0350731180019319,0.538048571327778,-0.842183834614367,-0.72324221032543,0.567907195662765,0.39294035465709,0.689703256188637,0.62288454147345,0.369221161901916,19404187.9631469,45334584.8286257,143282929.448684,-1312.38156350389,114052.668341946,-3.63797880709171e-12
17,740791495.1829,-804241.956386503,-810799.706959808,-144589.047799788,-350038.662354291,172310.628828555,109088.27890876,-3839408.90612526,139457162.168371,60453830.9866279,-0.179228783583572,-0.18908647745704,0.965465352655413,0.40483003180239,0.880245572611707,0.247548737117287,-0.896654720885375,0.435217228450777,-0.0812174585516861,0.179228783583572,0.18908647745704,-0.965465352655413,0.40483003180239,0.880245572611707,0.247548737117287,0.896654720885375,-0.435217228450777,0.0812174585516863,-32684748.2902279,136167511.052774,-59226877.2151683,22382.5045435233,1112051.15629632,1.78260961547494e-10
18,729688754.1829,-7675.88286847595,-60966.1840741332,-75420.1487576088,-114234.86008077,-317492.357650623,-158486.525117668,122014019.585182,-76433810.0567237,-33134367.9512678,0.912253353142938,-0.409625335285841,-0.000950984451898309,-0.392692346239994,-0.873877519680844,-0.286584720110799,0.116561318129105,0.26181131619626,-0.958054431557825,-0.912253353142938,0.409625335285841,0.000950984451898426,-0.392692346239994,-0.873877519680844,-0.286584720110799,-0.116561318129105,-0.26181131619626,0.958054431557825,-142648433.837436,28375620.292411,-25955406.5928132,-7949.8304238605,289822.905292436,1.45519152283669e-11
19,737969596.1829,-220992.769943425,-171769.719406901,-115404.146882408,30561.9658127439,349333.501855123,182332.010898267,75296065.7970432,120522719.321889,52245425.3346095,0.934064079731523,-0.310063860651024,-0.177157267063715,0.357105439548745,0.811019610966943,0.463382019150211,-2.25889447953644e-16,-0.496092323005719,0.868269777808021,-0.934064079731523,0.310063860651024,0.177157267063715,0.357105439548745,0.811019610966943,0.463382019150211,3.40279306497817e-16,0.496092323005719,-0.868269777808021,-23705953.988154,148844514.292774,14427271.9565951,-20646.8421555287,650422.078230757,-2.91038304567337e-11
20,735632439.1829,-508994.555339353,-126621.85261443,-102125.733655877,4532.40776988202,350926.178699084,185018.774815084,124734163.366165,77185264.0489693,33458765.7655775,0.055513696514866,-0.542015995544218,0.838532581402456,0.676981493023572,0.637737229035721,0.367406157821852,-0.733903459320659,0.547274964963729,0.402337948895103,-0.0555136965148659,0.542015995544218,-0.838532581402456,0.676981493023572,0.637737229035721,0.367406157821852,0.733903459320659,-0.547274964963729,-0.402337948895103,6854928.01675063,145959593.139045,35839540.1210968,-10449.1342933661,757697.069011856,2.91038304567337e-11
21,757121114.1829,-106693.892458179,-164673.860538818,-160198.555658467,-230263.352983128,284818.325348963,160392.250916816,18281131.7255282,-133927403.924177,-58055464.9165259,-0.878147820919109,-0.424898640479503,0.219812533613735,-0.237100065547244,0.785644226546611,0.571442655225763,-0.415499655273638,0.449693556338811,-0.79065526106821,0.878147820919109,0.424898640479503,-0.219812533613735,-0.237100065547244,0.785644226546611,0.571442655225763,0.415499655273638,-0.449693556338811,0.79065526106821,-28090717.0281994,-142729118.222072,21920235.7218444,12006.4887511609,565638.529661002,-1.16415321826935e-10
22,725976530.1829,-478429.849402292,-122680.018158967,13822.4467355234,208499.461007221,306243.79905703,143971.659930143,30620639.6272982,-132008344.541569,-57224539.4752666,0.528526678642015,-0.839830414043571,-0.123872618487882,0.846149241117929,0.50939234866196,0.156687258193529,-0.0684909608575738,-0.187628118287362,0.979849313674684,-0.528526678642015,0.839830414043571,0.123872618487882,0.846149241117929,0.50939234866196,0.156687258193529,0.0684909608575739,0.187628118287362,-0.979849313674684,-134137001.160226,-50300765.8775899,33400185.4757727,13284.723945626,820127.948724891,0
23,738894625.1829,-688368.619965962,-40099.5643154254,72122.8052009056,-306506.383644267,-208552.716347567,-92623.1650552322,50734774.9930924,131154395.510066,56853900.4941394,-0.523613912377258,-0.806568532030128,-0.274364126488406,0.829735246909692,-0.409719103489307,-0.37903782960495,0.193307761873894,-0.426119067133452,0.883772962827344,0.523613912377258,0.806568532030128,0.274364126488406,0.829735246909692,-0.409719103489307,-0.37903782960495,-0.193307761873894,0.426119067133452,-0.883772962827344,147949113.030099,-33189809.3391392,-4165977.22588601,18878.983777309,448307.986372474,-5.82076609134674e-11
24,759268488.1829,-78231.9976756952,248233.366392879,174226.205498985,-33917.8330455509,345785.533901005,186342.362577839,79020331.3606247,-113984620.439362,-49410923.3461321,-0.715902740104306,0.362063031056602,-0.596987125701427,0.387037223371554,0.91743506710582,0.0922772202083371,0.581107093775308,-0.164994724723688,-0.79692614863447,0.715902740104306,-0.362063031056602,0.596987125701428,0.387037223371554,0.91743506710582,0.0922772202083371,-0.581107093775308,0.164994724723688,0.79692614863447,68342803.8084723,-78549180.9164097,-104102993.020967,3637.78821907206,107767.055873461,-3.63797880709171e-12
25,734847640.1829,-619842.526915214,44053.2762141146,10855.6359840848,302966.086920619,-177071.282878117,-110956.11484863,135880837.794549,58458561.0998849,25340028.5038364,-0.241657562249466,-0.60877616273124,-0.755640924181501,0.96548718063581,-0.228802442218594,-0.124434506720288,-0.0971397273805117,-0.759632165014775,0.643057421416942,0.241657562249466,0.60877616273124,0.755640924181501,0.96548718063581,-0.228802442218594,-0.124434506720288,0.0971397273805117,0.759632165014774,-0.643057421416942,87572773.080448,114662571.4893,41311337.4832433,-3657.62450282912,956711.311121214,8.73114913702011e-11
26,723802960.1829,-643918.930060823,22567.174818588,206675.187445065,42478.4275658472,356467.890673414,180613.832441971,-34636502.9327151,-131412493.565501,-56965697.6797723,0.0419225858890033,-0.263623888523374,-0.963714139250947,0.901497228777453,0.42583107054517,-0.0772699544773173,0.430749629482082,-0.865546269565163,0.255508144572494,-0.0419225858890034,0.263623888523374,0.963714139250947,0.901497228777453,0.42583107054517,-0.0772699544773173,-0.430749629482082,0.865546269565163,-0.255508144572494,-88090069.0914903,-82782497.3599077,-84268733.0566171,34132.9566107782,762984.374743575,-5.72981662116945e-11
27,751466055.1829,502501.527358323,80254.9422748506,-60763.1067917277,341340.306846669,-108566.459426396,-73171.7793336407,-127520170.745479,-70332582.7772573,-30487686.5670189,0.118508108620847,-0.118929381490482,0.985805067145326,-0.644567682970816,-0.764405287930557,-0.0147328834053357,0.755306778905594,-0.633672121843855,-0.167246260756897,-0.118508108620848,0.118929381490482,-0.985805067145326,-0.644567682970816,-0.764405287930557,-0.0147328834053357,-0.755306778905594,0.633672121843855,0.167246260756897,36802479.5810326,136407150.709695,46650100.8705734,8875.03117773334,248398.207950613,3.68345354218036e-11
28,753516468.1829,135111.374580741,114839.495431204,125398.139647902,124567.415431077,-308459.834849299,-170552.737759735,-85263399.3085721,-110895094.266013,-48071450.090494,-0.99993850827223,-0.00908858704371228,-0.00635431033684808,0.0110896201155905,-0.819507618481483,-0.572960979104599,1.2243916954172e-16,-0.572996213631781,0.819558014519804,0.99993850827223,0.00908858704371235,0.00635431033684798,0.0110896201155905,-0.819507618481483,-0.572960979104599,-2.44896318891696e-16,0.572996213631781,-0.819558014519804,-86571496.9440077,117476901.005951,-24145126.9335116,-16271.0673117086,516348.402047843,5.82076609134674e-11
29,744927744.1829,737585.883526686,174173.27285732,-62098.0842422282,135252.609514971,328554.715352722,167845.612638708,-111191498.668256,94625321.9148573,41020162.0597527,-0.324833225285527,-0.853389611741943,-0.407688050255999,-0.924109062399835,0.194659959216596,0.32883117411263,-0.201260568768698,0.483563512735121,-0.851857096354882,0.324833225285527,0.853389611741942,0.407688050256,-0.924109062399835,0.194659959216596,0.32883117411263,0.201260568768698,-0.483563512735121,0.851857096354882,61357003.4844612,134661540.938357,-33192501.1788295,29834.9566273415,662286.1782243,-8.73114913702011e-11
30,724696103.1829,-255551.390969058,-149978.128148177,-81196.2758640449,-327586.614025069,-177834.19629206,-69334.9085148311,-7921800.79263316,-134862549.647767,-58461639.0350102,-0.130839676142007,0.681001277677894,0.720498604404014,-0.923631938842277,-0.347816295451851,0.161021322093095,0.360256881540813,-0.644407545284215,0.674502701909533,0.130839676142007,-0.681001277677894,-0.720498604404014,-0.923631938842277,-0.347816295451851,0.161021322093095,-0.360256881540813,0.644407545284215,-0.674502701909533,132926612.106754,44810650.2297531,-44620027.8323725,998.854120168813,78132.7602162204,-5.0931703299284e-11
31,742174841.1829,-250077.85023431,-1005375.58871357,-293664.537340882,368633.993446165,59429.158645184,12705.1067691285,-43732217.2416607,133650929.212645,57936530.8975493,0.234772514510551,0.181808570003273,-0.954896596655239,0.479295542434404,0.832981657343772,0.276436867171028,0.845669941190358,-0.522577460671801,0.108421161056821,-0.234772514510551,-0.181808570003273,0.954896596655239,0.479295542434404,0.832981657343772,0.276436867171028,-0.845669941190358,0.522577460671801,-0.108421161056821,41291634.4632676,106383908.832459,100544438.839733,-46295.8332691907,1268200.51654391,-8.00355337560177e-11
32,759591845.1829,-299439.577394288,154820.830640167,24116.7783797946,-312686.164506931,220889.853601263,128098.992719459,87123618.4226495,-108965730.547449,-47235400.8026363,0.894402882229543,-0.285000593765706,0.344700080958332,-0.144317240302069,0.545570357071562,0.825545589072102,-0.423339129317242,-0.78811651869378,0.446829200647088,-0.894402882229543,0.285000593765706,-0.344700080958332,-0.144317240302069,0.545570357071562,0.825545589072102,0.423339129317242,0.78811651869378,-0.446829200647088,-92696866.8528535,-111016889.479892,-27888699.0670809,-5165.18123442332,123799.069733832,1.45519152283669e-11
33,742963277.1829,170156.650110698,-895604.772908342,-326875.07719258,-229601.302623521,290683.291442877,164279.974220799,-65253719.2825475,125998504.340811,54620021.0573266,0.129737279832733,-0.374984230102592,0.917907983076719,-0.293021108226338,0.869886525069064,0.396782136237352,-0.947262829607186,-0.320443849492597,0.00297841685354769,-0.129737279832733,0.374984230102592,-0.917907983076719,-0.293021108226338,0.869886525069064,0.396782136237352,0.947262829607186,0.320443849492597,-0.00297841685354758,5577138.81866478,150397366.881445,-21599658.1999581,45867.683249079,1343955.07088543,1.28693500300869e-10
34,738119653.1829,3058.93347495244,-100324.502361765,-61768.042493149,-116342.190566039,336656.167987649,183973.886205693,71457016.025393,122525662.102035,53113791.9070727,0.291227578415706,-0.369985801192573,0.882211428448994,-0.243371646410978,0.863190664709577,0.442348412545415,-0.92517930115915,-0.343529304825845,0.161340873409492,-0.291227578415706,0.369985801192573,-0.882211428448994,-0.243371646410978,0.863190664709577,0.442348412545415,0.92517930115915,0.343529304825845,-0.161340873409492,-22335092.7070967,111867197.610482,99632282.0981527,-20346.7943077488,514960.035501106,1.45519152283669e-11
35,735423047.1829,-597070.253558424,-84591.6796586816,-77116.0258250562,200882.374293978,295721.944755772,144522.175508201,128015207.317549,72353359.7025198,31363958.3404124,-0.430890166584277,0.296417193032948,0.852332395263398,0.856578624801974,0.431510411904315,0.28296965199563,-0.283913233001446,0.852018551495586,-0.439838224844124,0.430890166584277,-0.296417193032948,-0.852332395263398,0.856578624801974,0.431510411904315,0.28296965199563,0.283913233001446,-0.852018551495586,0.439838224844124,6981196.47963041,149751366.662493,-11506125.5861722,42189.024696318,910335.338047044,4.36557456851006e-11
36,736716747.1829,-538914.804546295,95713.7336057814,42426.0955126753,-150598.418744869,-306993.027271529,-153294.854442529,104492551.06129,99917673.6629572,43312533.1384246,-0.723003088239735,-0.688398257222312,-0.0580893608941402,0.664807380012541,-0.670422750007558,-0.329491249888619,0.187876773116496,-0.276841427040078,0.942369960470805,0.723003088239735,0.688398257222312,0.05808936089414,0.664807380012541,-0.670422750007558,-0.329491249888619,-0.187876773116496,0.276841427040078,-0.942369960470805,146847586.899366,-11790763.1292161,-32786802.0862756,-7837.99110755071,592627.713564716,-5.82076609134674e-11
37,753300911.1829,143929.967061255,-121688.923095207,-74118.3270806389,-96829.7239590305,-325644.437706946,-170383.520805836,-90534655.8001676,-107416731.883786,-46563495.0934516,-0.512054692918179,0.761484974697127,-0.397417443969166,-0.720266747566458,-0.632740183469907,-0.28435131892169,-0.46799124330537,0.140643142502522,0.872469886389501,0.512054692918179,-0.761484974697127,0.397417443969166,-0.720266747566458,-0.632740183469907,-0.28435131892169,0.46799124330537,-0.140643142502522,-0.872469886389501,16932386.7840549,146416375.958547,13363247.8734242,-6230.53700247258,329835.184133429,-5.82076609134674e-11
38,753277938.1829,120988.786810223,-139209.639325381,-93738.1948904303,-119874.339813984,-320781.894308659,-166796.672627011,-91086447.3094601,-107033770.147997,-46397464.2427615,-0.633293662254955,0.739042968680382,0.229683756046864,-0.772897911179392,-0.588783485398121,-0.236564634332721,-0.039597427217439,-0.327336978917031,0.944077616507896,0.633293662254955,-0.739042968680382,-0.229683756046864,-0.772897911179392,-0.588783485398121,-0.236564634332721,0.039597427217439,0.327336978917031,-0.944077616507896,32074829.2991559,144396240.267827,5159907.52414,-1567.04763158523,310352.404659297,-1.45519152283669e-11
39,756777427.1829,-281768.85353296,103349.607761921,17152.5486135542,100486.763240003,330747.924031105,172856.808695656,7923441.20749148,-134799053.806563,-58433336.1697254,0.579156749576244,-0.797002393981591,-0.17136114906213,0.794932265536242,0.50552970635205,0.3354436006321,-0.18072120138406,-0.330494931857091,0.92634386023068,-0.579156749576244,0.797002393981591,0.17136114906213,0.794932265536242,0.50552970635205,0.3354436006321,0.18072120138406,0.330494931857091,-0.92634386023068,-122037286.675051,-81447415.69917,11010891.905534,-13467.2571420312,471053.925139493,0
40,737570653.1829,-529034.292254691,-124536.351845412,-98480.683336774,342027.389338444,150424.395625577,59701.4684706579,85177471.0790422,114694860.124904,49718601.3110994,-0.370067629017291,0.772123020560015,0.516600417222828,0.928756319334246,0.320352740646347,0.18650957309768,-0.0214860245328394,0.548817057571695,-0.835666313828744,0.370067629017291,-0.772123020560015,-0.516600417222827,0.928756319334246,0.320352740646347,0.18650957309768,0.0214860245328393,-0.548817057571695,0.835666313828744,-82721767.2554886,125124922.41418,-19568210.1327299,28331.2427413221,926590.955937315,0
41,750023391.1829,189211.728043007,-809361.31201456,-336969.355344865,-223892.966980543,291626.025359396,166336.879675704,-144766778.259848,-34231950.4819715,-14837585.1404771,0.859098998816227,0.435335114132211,-0.26913239982665,-0.315546909016524,0.86453357653381,0.391167282956763,0.40296284995403,-0.25112752427632,0.880088579693983,-0.859098998816227,-0.43533511413221,0.26913239982665,-0.315546909016524,0.86453357653381,0.391167282956763,-0.40296284995403,0.25112752427632,-0.880088579693983,135278089.438434,10282060.9612284,62797437.8029353,11055.3966060065,1279071.36256143,0
42,724475918.1829,-457438.177873931,-144234.022100064,-11756.0848986565,-392957.827416994,6834.34715513095,30298.0643373372,-14568391.8308395,-134423550.618028,-58271061.7336592,0.159940234496343,-0.362937702376072,0.91798439288652,0.38610807298988,0.878867500447487,0.280200771999701,-0.908482073219552,0.309625807792511,0.280699450992586,-0.159940234496343,0.362937702376072,-0.91798439288652,0.38610807298988,0.878867500447487,0.280200771999701,0.908482073219552,-0.309625807792511,-0.280699450992585,7034622.62754447,-140093060.112323,44742532.6698816,5910.35181192914,169449.069026347,-9.09494701772928e-12
43,755208515.1829,-230427.873793809,174085.309566613,96755.5157169895,-396645.263473765,-51432.2089848002,-11557.4309155456,-39108665.9456981,-130387232.240705,-56520781.0462065,-0.0411357797767497,-0.385550426243477,0.921769340152748,-0.554329625696443,-0.758740741688589,-0.342098162779475,0.831280045290034,-0.525036527991457,-0.182510631408901,0.0411357797767496,0.385550426243477,-0.921769340152748,-0.554329625696443,-0.758740741688589,-0.342098162779475,-0.831280045290034,0.525036527991457,0.182510631408901,219504.613063835,139944852.806969,-46263449.5479704,6053.69600766237,300302.212743221,-3.63797880709171e-12
44,725849444.1829,-514358.577427832,-99960.3556285933,52029.177468535,299823.773694332,231883.528937462,99620.3665546794,26847584.5411185,-132700868.550248,-57524868.6969061,0.329013565014007,-0.894818135082149,0.301745885083588,0.93030658415575,0.361990612112396,0.0590970068527481,-0.162110251104718,0.261272466728887,0.951555024481595,-0.329013565014007,0.894818135082149,-0.301745885083589,0.93030658415575,0.361990612112396,0.0590970068527481,0.162110251104718,-0.261272466728887,-0.951555024481595,-110218470.802538,-26459531.5266547,93761429.77589,14702.4425386457,880376.069679734,1.45519152283669e-11
45,725812723.1829,-520370.33516048,-92554.542481209,62632.3745439318,320577.116627924,205437.279609259,84615.6827244911,25753828.597025,-132884411.708572,-57604469.9511568,-0.0190651043165388,0.263542072893769,-0.964459484691946,0.944179816449287,0.322050932910394,0.0693373695876515,0.328878390909451,-0.909301255044993,-0.254971040642679,0.0190651043165388,-0.263542072893769,0.964459484691946,0.944179816449287,0.322050932910394,0.0693373695876515,-0.328878390909451,0.909301255044993,0.254971040642679,-20045544.6593468,-22473446.0252931,-143989311.700384,-41298.6215263934,891498.419741049,-1.31876731757075e-10
46,746031323.1829,130900.994720775,623383.023865803,190118.370288101,-280753.123380239,-244476.499298408,-117677.374545535,-130275971.865542,70599381.4555361,30604839.5554234,-0.0577135776204572,0.356930256021161,-0.932346467411614,-0.408068284373321,-0.860757662984321,-0.304263900097241,-0.911125358140614,0.362900865182819,0.195329321410534,0.0577135776204573,-0.356930256021161,0.932346467411614,-0.408068284373321,-0.860757662984321,-0.304263900097241,0.911125358140614,-0.362900865182819,-0.195329321410534,-4183433.66700432,-16919414.1005506,-150296340.676933,-964.98548436648,1008650.85844262,-2.18278728425503e-11
47,735151168.1829,-645081.763646433,-23704.979737834,-37233.278944984,358180.766289893,97598.3339016209,30835.7412052185,131946362.318183,65894398.5363227,28563696.1260534,-0.084528042045151,0.235726554944441,0.968136354756931,0.991379362340619,0.117513291945061,0.0579446817347524,-0.100109789896493,0.964688352531666,-0.243627610209967,0.084528042045151,-0.235726554944441,-0.968136354756931,0.991379362340619,0.117513291945061,0.0579446817347524,0.100109789896493,-0.964688352531666,0.243627610209967,-32033444.5412294,140207482.5121,-43399531.1298363,-9690.68795488447,1012812.75660673,-3.8198777474463e-10
48,745452197.1829,531110.465004358,473396.555451046,73185.3753502267,-324410.098359147,210291.799377654,126037.197385336,-120966607.195806,83691726.5092517,36280736.9078648,0.328807769243897,-0.84434082352893,0.423053217228447,-0.941459048907814,-0.328363437876471,0.0763695744098362,0.0744332594640795,-0.423398188929089,-0.902880758183007,-0.328807769243897,0.84434082352893,-0.423053217228447,-0.941459048907814,-0.328363437876471,0.0763695744098362,-0.0744332594640794,0.423398188929089,0.902880758183007,95090419.076144,89174548.3587018,77196043.5390718,36792.5882161112,895867.829286798,0
49,758955654.1829,209425.440532186,68602.2690490209,108362.97530375,254154.523310315,253585.749243593,127594.527873299,70853794.5140671,-118371555.293984,-51312779.0673166,0.52492153911967,-0.0206542929529156,-0.8508999811675,0.224829185172573,0.967563009758052,0.115211369415418,0.820919737406084,-0.251784078786873,0.512538352132377,-0.52492153911967,0.0206542929529156,0.8508999811675,0.224829185172573,0.967563009758052,0.115211369415418,-0.820919737406084,0.251784078786873,-0.512538352132377,-83299606.3911589,-104513752.967862,-61669584.1644825,-3294.42826466699,191255.269594625,1.09139364212751e-11
50,757134430.1829,-90151.127521676,-170493.113688592,-160980.993222594,-241105.731430685,278147.895407143,157215.930084438,18680976.6530903,-133880391.123436,-58035091.5573061,0.884722386116921,0.446335262778348,-0.134354503847712,-0.30206464729836,0.768529915091567,0.564020140120781,0.354997532887342,-0.458417498367952,0.814757724010009,-0.884722386116921,-0.446335262778348,0.134354503847712,-0.30206464729836,0.768529915091567,0.564020140120781,-0.354997532887341,0.458417498367952,-0.814757724010009,35430785.3814921,-141266908.718499,-20720275.4931586,-23940.19556539,569861.559084412,0
51,725758967.1829,-525861.961119373,-81121.2586857704,77760.7615713529,345559.188737768,163416.356298462,61300.32521714,24150016.5834882,-133139666.575087,-57715173.6955163,0.237924846667155,-0.688672710938392,0.684924568508954,0.95582799321909,0.291311052730096,-0.0391243905518093,-0.172582196987923,0.66397874044735,0.72756279283425,-0.237924846667155,0.688672710938392,-0.684924568508954,0.95582799321909,0.291311052730096,-0.0391243905518093,0.172582196987923,-0.66397874044735,-0.72756279283425,-57905003.6665137,-13443723.5464905,134561183.998203,-27652.2039572975,904809.243510361,-1.40062184073031e-10
52,744637240.1829,773142.634620676,-23877.8521484667,-135203.078373405,337219.234800874,150144.158669098,63969.7580045146,-105269848.456011,100259588.459763,43462201.7187989,0.306409110346825,0.948049589133905,-0.0855303083093973,-0.863926649903295,0.314693160436741,0.39319074043167,0.399680122952514,-0.046585312249344,0.915470156804303,-0.306409110346825,-0.948049589133905,0.0855303083093972,-0.863926649903295,0.314693160436741,0.39319074043167,-0.399680122952514,0.0465853122493441,-0.915470156804303,-59078085.5214469,139585369.543524,6956541.5859108,-14375.2806354388,509682.293999823,5.82076609134674e-11
53,723246975.1829,-480286.759458806,150914.729331494,289906.410721038,380018.611867114,24802.3167654728,-13807.6766631618,-50742869.4687435,-127069132.161542,-55083413.3978926,-0.390981047704595,-0.518475434589944,-0.760471593198974,0.917963727961154,-0.159601750186578,-0.36313892036663,0.0669060123118797,-0.840065774248749,0.5383429022959,0.390981047704595,0.518475434589944,0.760471593198974,0.917963727961154,-0.159601750186578,-0.36313892036663,-0.0669060123118798,0.840065774248749,-0.5383429022959,-127611094.934383,-6296726.46588276,-73697661.2060004,40010.9716045096,920147.29340597,2.91038304567337e-11
54,745440503.1829,537583.966871602,468059.39752197,70314.7037830867,-317442.370340213,218336.571403011,129994.434374179,-120762144.696914,83945585.2619504,36390786.4297549,0.260453877648919,-0.881718753771026,-0.393364737700408,-0.95057167287375,-0.305518816093936,0.0554233501564165,-0.169048136185061,0.359486150304888,-0.917710431122654,-0.260453877648919,0.881718753771026,0.393364737700408,-0.95057167287375,-0.305518816093936,0.0554233501564165,0.169048136185061,-0.359486150304888,0.917710431122654,119784217.83991,91163017.3775873,-17195686.4602905,25985.5275549789,892366.488507837,-7.27595761418343e-12
55,730885453.1829,-664568.32865797,5720.80747511338,130880.805424301,26511.8343130086,355532.614178056,184234.870747311,138925199.658109,-47318538.6929365,-20512632.0989168,-0.394743244604278,0.77680367683382,0.490666708160177,0.903342939456574,0.425647468799414,0.0528750039111906,-0.167777544901705,0.464112357045263,-0.869741579703217,0.394743244604278,-0.77680367683382,-0.490666708160177,0.903342939456574,0.425647468799414,0.0528750039111906,0.167777544901705,-0.464112357045263,0.869741579703217,101661864.577092,104271476.499353,27428958.4027501,-25114.9354329145,775999.992310222,-2.91038304567337e-11
56,741189267.1829,-686386.10278271,-910226.879983057,-194937.983625877,-350284.082683058,-157617.143849718,-64638.7347464444,-15469094.7307886,138804325.849541,60170524.997799,0.445907067395154,-0.0305210642082149,-0.894558747029311,0.397271775993846,0.902333573833721,0.167240119382759,0.802086044789304,-0.429956493347946,0.414482075103603,-0.445907067395154,0.030521064208215,0.894558747029311,0.397271775993846,0.902333573833721,0.167240119382759,-0.802086044789304,0.429956493347946,-0.414482075103603,64960303.8584225,129165294.454635,47147762.1517227,-10339.483231524,834420.141285438,-8.00355337560177e-11
57,738001052.1829,-181570.960233868,-167090.933136217,-110848.329297482,-616.455088427507,350821.895540546,184885.7740471,74496551.1251041,120951291.681392,52431235.4059441,0.304624579781369,-0.523301875707993,0.795838559177375,0.280969413920837,0.84773953128042,0.449882068486214,-0.910087937418141,0.0865611574838848,0.405274119801702,-0.304624579781369,0.523301875707993,-0.795838559177375,0.280969413920837,0.84773953128042,0.449882068486214,0.910087937418141,-0.0865611574838848,-0.405274119801702,-1126241.61682567,147054316.264202,36079705.971839,-19455.0380950583,622943.330018182,-1.45519152283669e-11
58,750229849.1829,283918.678451879,-744390.210449909,-330984.770582467,-357544.193179628,161170.785398052,102097.886073039,-143010999.334747,-39645922.45872,-17184581.3443626,0.296669764163527,-0.203291557498519,0.93309141764405,-0.546047818552018,0.76548556347405,0.340387473282138,-0.783465909204568,-0.610495204536974,0.116089510084323,-0.296669764163527,0.203291557498519,-0.93309141764405,-0.546047818552018,0.76548556347405,0.340387473282138,0.783465909204568,0.610495204536974,-0.116089510084323,50402143.4885619,41893046.699702,-134252938.531274,-29710.1659533179,1190879.18212458,-4.36557456851006e-11
59,739375135.1829,-856155.753652011,-280137.462728336,24277.8467204218,156814.670557694,-287901.730245607,-160161.885767051,37280743.7694479,135015082.314766,58527147.9884289,0.0222609756806999,0.984689374925174,-0.172890959483754,0.983801666321638,-0.0523436130750378,-0.171448031522733,-0.177872792479661,-0.166273813571832,-0.969904267758301,-0.0222609756806998,-0.984689374925174,0.172890959483754,0.983801666321638,-0.0523436130750378,-0.171448031522733,0.177872792479661,0.166273813571832,0.969904267758301,-123659007.968841,19575316.3008585,85846433.2398804,-46792.2805669533,1028590.23015634,-6.40284270048141e-10
60,724518974.1829,-425363.731636147,-150677.611997083,-27470.6407140821,-390173.544612179,-31095.1791182928,10555.9899719586,-13270698.080375,-134530768.70679,-58317587.1871691,0.926112035253148,-0.195045172521659,-0.322914661846235,0.291511846814563,0.913312764629707,0.28439521291893,0.239452169182145,-0.357515278890898,0.902687921727952,-0.926112035253148,0.195045172521659,0.322914661846234,0.291511846814563,0.913312764629707,0.28439521291893,-0.239452169182145,0.357515278890898,-0.902687921727952,-32781027.7296742,-143322476.6263,7723473.72646634,3013.27711483203,130289.110513327,0
61,734607233.1829,-535943.815414637,92315.1000116122,47759.6087762941,102036.672382618,-313399.162259396,-171292.860475732,138647192.650211,52418708.3492603,22721775.543415,0.543502289818883,0.539975657772841,0.642675306803069,0.819659684161481,-0.506496840332395,-0.267617176006326,0.18100625161008,0.672225586946888,-0.717878469611661,-0.543502289818883,-0.539975657772841,-0.642675306803069,0.819659684161481,-0.506496840332395,-0.267617176006326,-0.18100625161008,-0.672225586946888,0.717878469611661,-118262617.271318,81012866.5795638,-44021732.1709881,13111.5825425499,787042.08026558,-8.73114913702011e-11
62,748537973.1829,-520398.232792451,-716459.867365387,-175204.387210136,-151615.877587839,-314541.251303504,-162032.632740857,-150094181.544429,5837901.86408219,2531450.79594283,-0.412308195594717,0.392939116172299,0.821949391889282,0.688828509499295,0.72492360777282,-0.00102342299067868,-0.596252661500482,0.565760208812329,-0.569559610381759,0.412308195594717,-0.392939116172299,-0.821949391889282,0.688828509499295,0.72492360777282,-0.00102342299067868,0.596252661500482,-0.565760208812329,0.56955961038176,-66259725.6029452,-99159709.2215755,-91355095.6702133,-16704.0739031054,545374.61297552,5.00222085975111e-11
63,730209337.1829,-444138.789595959,117242.831332099,239469.361445475,341430.665741311,-93883.4993626072,-68792.6546895708,130319527.638179,-64222712.8303195,-27841100.107754,0.285391261885838,-0.185298940250395,0.940327671815144,0.91219705806587,-0.248474439829378,-0.325817402861554,0.294021010975713,0.950749575594729,0.0981167142298506,-0.285391261885838,0.185298940250395,-0.940327671815144,0.91219705806587,-0.248474439829378,-0.325817402861554,-0.294021010975713,-0.950749575594729,-0.0981167142298505,-22912698.2233932,143905907.244834,25474714.9640308,26551.1604469523,869490.772315652,2.5465851649642e-11
64,743408533.1829,405747.820284186,-748556.010661077,-318282.945504919,-398298.618821656,-43178.0698362702,-3791.03401905371,-76761156.7640058,120352879.002068,52172477.314752,-0.696872447920561,-0.626956034668447,-0.348274205077009,-0.715874856539245,0.6375203658743,0.284764767607255,0.0434969091329494,0.44776546727982,-0.893092439340724,0.696872447920561,0.626956034668447,0.348274205077009,-0.715874856539245,0.6375203658743,0.284764767607255,-0.0434969091329495,-0.447765467279821,0.893092439340724,40133556.6244146,146535676.919673,-3956145.01264813,-8547.43306349496,1114845.64824871,5.82076609134674e-11
