%ID,#ET,#equ_x,#equ_y,#equ_z,#moon_x,#moon_y,#moon_z,#sun_x,#sun_y,#sun_z,#dcm_xx,#dcm_xy,#dcm_xz,#dcm_yx,#dcm_yy,#dcm_yz,#dcm_zx,#dcm_zy,#dcm_zz,#dlp_xx,#dlp_xy,#dlp_xz,#dlp_yx,#dlp_yy,#dlp_yz,#dlp_zx,#dlp_zy,#dlp_zz,sun_dlp_x,sun_dlp_y,sun_dlp_zd
1,756896043.1829,-281438.454306936,3349.94057696647,-64641.3609589039,-18214.0581220926,344476.382017555,184573.16632717,11505111.0653931,-134572670.278846,-58335155.4121339,0.217544276538224,-0.546245638855598,-0.808882061722659,0.967118210844726,0.00877391151623233,0.254175893288884,-0.131745413574656,-0.837579083136598,0.530192819164969,-0.217544276538224,0.546245638855598,0.808882061722659,0.967118210844726,0.00877391151623233,0.254175893288884,0.131745413574656,0.837579083136598,-0.530192819164969,-123198866.092864,-4881316.5094219,-80270627.6674814
2,732562286.1829,-562936.843463297,97579.3460862025,56655.1650438425,336814.390625384,-110835.214752812,-77536.2933184464,148931450.566846,-2324455.54728563,-1008880.33279792,0.00499229268771638,0.386564317383552,-0.922248939028671,0.980794580620355,-0.18171709187358,-0.0708582327379835,-0.194979659553148,-0.90418301634503,-0.380047372459988,-0.00499229268771635,-0.386564317383552,0.922248939028671,0.980794580620355,-0.18171709187358,-0.0708582327379835,0.194979659553148,0.90418301634503,0.380047372459988,-775396.636240748,146565040.37956,26553447.9805691
3,746489434.1829,-233385.175779584,550259.837508555,226089.407436,163334.017948682,-281918.34228656,-157332.67860011,-136455824.997066,59596208.8508903,25834842.3078874,-0.913651783025044,-0.347647380127448,-0.210669690429542,0.402273093544562,-0.847781547573658,-0.345604985212455,-0.058453208511125,-0.400509359046871,0.914426309622935,0.913651783025044,0.347647380127448,0.210669690429542,0.402273093544562,-0.847781547573658,-0.345604985212455,0.0584532085111249,0.400509359046871,-0.914426309622935,-98512023.7088842,-114345723.31666,-7731500.89390949
4,738251744.1829,-72350.2928294469,131744.865673654,78175.9232171799,-232563.705918508,286567.052518102,164136.227867521,68026791.3534928,124201165.698163,53840150.2300601,-0.904729173520303,-0.330301632089112,-0.269009208802483,0.422186570493391,-0.779417118722497,-0.462890326899742,-0.0567769519814025,-0.532362458182008,0.844610318929452,0.904729173520303,0.330301632089112,0.269009208802483,0.422186570493391,-0.779417118722497,-0.462890326899742,0.0567769519814024,0.532362458182008,-0.844610318929452,117053166.671153,-93006601.7075609,24508445.2892504
5,756413172.1829,13637.1509113877,220253.241231201,183345.909318207,355599.968809994,108106.767303499,44274.5639706757,-3096709.2113227,-135002310.606412,-58521761.9875612,-0.968003663136529,0.184949264913181,-0.169595629549628,-0.035524352458875,-0.770047115922202,-0.636997221063229,-0.248408793195085,-0.610590868477389,0.751978631874197,0.968003663136529,-0.184949264913181,0.169595629549628,-0.035524352458875,-0.770047115922202,-0.636997221063229,0.248408793195085,0.610590868477389,-0.751978631874197,12045917.1813738,141346348.272587,-39193313.3634104
6,725471025.1829,-489162.061251414,-11725.6331439535,146239.315742865,350028.06937289,-94543.5179535967,-71970.9845370098,15512964.64005,-134233632.66414,-58189610.7227242,-0.0282762533249891,0.998688545397006,-0.0426807074767186,0.958107135447724,0.0149036030299121,-0.286022026461045,-0.285010825236617,-0.0489803216561404,-0.957272039489509,0.0282762533249892,-0.998688545397006,0.0426807074767187,0.958107135447724,0.0149036030299121,-0.286022026461045,0.285010825236617,0.0489803216561405,0.957272039489509,132012666.113249,29506027.7169836,-57856730.9846775
7,725675811.1829,-526721.739790958,-62296.6564806504,99968.5621504671,370248.453194173,92294.2769342121,22999.0055789873,21663224.8494101,-133502993.462934,-57872749.5841947,0.24084276753947,-0.748737250567137,0.617565616705701,0.968218298538094,0.141135072576818,-0.206480550330378,0.0674395114152495,0.647667677827064,0.758932468272489,-0.24084276753947,0.748737250567137,-0.617565616705701,0.968218298538094,0.141135072576818,-0.206480550330378,-0.0674395114152495,-0.647667677827064,-0.758932468272488,-69435875.0070635,14082373.216207,128926125.147226
8,756746370.1829,-271777.552575991,126889.750355683,38819.3710016298,130396.160479318,321811.984173205,166970.595325273,6984792.42783199,-134845343.308756,-58453420.3236195,-0.302399231581738,-0.37401158584527,-0.87673829526962,0.897921130514169,-0.420408758792038,-0.13036149319141,-0.319831749698072,-0.826663056622494,0.462964191596527,0.302399231581738,0.37401158584527,0.87673829526962,0.897921130514169,-0.420408758792038,-0.13036149319141,0.319831749698072,0.826663056622494,-0.462964191596527,-99569876.9190322,70582031.2780583,-82175864.8012782